0.038632	0.149821	0.197759	0.083991
0.574675	0.075393	0.841715	0.724030
0.753420	0.359287	0.298695	0.902470
0.959450	0.769446	0.284390	0.472027
0.653226	0.507880	0.897519	0.522265
0.413081	0.367530	0.018378	0.290523
0.596714	0.606752	0.491926	0.378486
0.755322	0.814413	0.271964	0.413062
0.162066	0.518594	0.080874	0.872579
0.048138	0.252146	0.806760	0.901022
0.723256	0.025014	0.662584	0.617044
0.639625	0.243159	0.402448	0.239198
0.987686	0.906167	0.963786	0.639931
0.349033	0.915442	0.574340	0.205325
0.454156	0.956409	0.071607	0.949622
0.197544	0.445820	0.788043	0.122422
0.775305	0.725642	0.335281	0.061147
0.098606	0.416542	0.904193	0.322641
0.606373	0.654910	0.020816	0.885731
0.929595	0.522718	0.669445	0.191258
0.843613	0.220103	0.946703	0.999127
0.471619	0.331934	0.359566	0.407550
0.065582	0.665855	0.678910	0.768909
0.761297	0.927066	0.771253	0.372492
0.953235	0.327072	0.797879	0.946727
0.195429	0.255249	0.081843	0.479788
0.582348	0.723696	0.691820	0.743023
0.962312	0.651439	0.586910	0.485938
0.790616	0.752166	0.725567	0.307169
0.690659	0.324183	0.542203	0.280146
0.840228	0.176463	0.018480	0.854492
0.936188	0.295923	0.577650	0.654118
0.500413	0.235941	0.675786	0.061208
0.094019	0.574289	0.763645	0.252071
0.537094	0.511697	0.329247	0.759794
0.829340	0.555023	0.287773	0.753164
0.675963	0.535380	0.562735	0.811699
0.011924	0.049145	0.696548	0.490089
0.889667	0.839100	0.200988	0.142631
0.765035	0.274950	0.947670	0.381743
0.106406	0.947519	0.732412	0.157079
0.862410	0.182620	0.835470	0.301681
0.513243	0.341044	0.367897	0.953689
0.205166	0.241466	0.696912	0.464771
0.762970	0.357117	0.239709	0.770022
0.878542	0.160847	0.195219	0.983839
0.637410	0.568374	0.750473	0.836292
0.031985	0.521360	0.133247	0.403151
0.716770	0.578870	0.201444	0.915920
0.649309	0.044092	0.379319	0.783749
0.801907	0.095381	0.717890	0.538590
0.475200	0.556965	0.934624	0.833210
0.166523	0.482786	0.483150	0.930971
0.126536	0.578740	0.139647	0.879916
0.443717	0.267408	0.027435	0.617266
0.633330	0.149011	0.190798	0.227539
0.800658	0.457973	0.208395	0.108466
0.241023	0.619766	0.093330	0.960239
0.473224	0.294166	0.595401	0.266763
0.565139	0.189752	0.676781	0.285327
0.283880	0.300931	0.336071	0.873389
0.511104	0.087469	0.953361	0.381680
0.522097	0.521616	0.694491	0.015552
0.062877	0.530681	0.162509	0.492331
0.440018	0.367538	0.769203	0.143612
0.870031	0.037988	0.477701	0.548985
0.425798	0.339892	0.322897	0.200675
0.225790	0.751302	0.505600	0.022830
0.553599	0.366289	0.317891	0.588545
0.595368	0.965854	0.820666	0.372690
0.632898	0.406688	0.361819	0.984651
0.145475	0.308082	0.128508	0.658999
0.916313	0.326620	0.536946	0.385513
0.446098	0.595640	0.242262	0.477414
0.588868	0.507804	0.608110	0.006571
0.223955	0.513777	0.727775	0.227778
0.109928	0.321154	0.955009	0.665733
0.492788	0.270057	0.928891	0.487222
0.491486	0.513759	0.299110	0.804289
0.500542	0.171954	0.649650	0.453945
0.246889	0.050796	0.241155	0.058041
0.871796	0.198852	0.658714	0.113601
0.741984	0.745947	0.646626	0.134368
0.735524	0.929546	0.834311	0.968710
0.914792	0.984258	0.765218	0.069413
0.848257	0.743207	0.997580	0.599763
0.708248	0.810259	0.929192	0.070508
0.654102	0.199291	0.815003	0.056485
0.186834	0.105761	0.457869	0.374664
0.763578	0.237406	0.917202	0.437824
0.543320	0.073813	0.449694	0.152284
0.605843	0.060641	0.695565	0.729045
0.294044	0.623596	0.712780	0.296873
0.439768	0.608230	0.963606	0.028706
0.966129	0.733265	0.149461	0.787828
0.042636	0.231274	0.596071	0.730448
0.927605	0.461293	0.622191	0.293796
0.457373	0.371720	0.952250	0.762275
0.273898	0.542002	0.816993	0.995463
0.097904	0.990235	0.045090	0.314426
