0 => 42(37) 37(0) 
1 => 7(12) 
2 => 
3 => 41(14) 
4 => 26(26) 18(0) 17(0) 
5 => 43(20) 47(0) 
6 => 38(15) 44(0) 
7 => 1(0) 10(21) 
8 => 18(25) 10(0) 
9 => 40(14) 
10 => 7(0) 8(15) 
11 => 24(24) 12(0) 14(0) 48(0) 
12 => 11(21) 40(0) 
13 => 33(37) 30(0) 31(0) 35(0) 
14 => 11(15) 
15 => 26(27) 
16 => 26(19) 24(0) 
17 => 44(3) 4(4) 
18 => 8(0) 4(8) 
19 => 48(25) 
20 => 21(10) 42(0) 
21 => 20(0) 47(16) 23(0) 25(0) 
22 => 48(9) 43(0) 
23 => 21(30) 
24 => 11(0) 16(14) 
25 => 21(27) 
26 => 4(0) 15(0) 16(0) 27(35) 
27 => 26(0) 49(26) 
28 => 42(36) 36(0) 49(0) 
29 => 42(18) 
30 => 13(29) 39(0) 
31 => 13(8) 41(0) 
32 => 46(19) 34(0) 
33 => 13(0) 37(8) 
34 => 32(10) 38(0) 
35 => 13(28) 
36 => 28(21) 
37 => 33(0) 0(8) 
38 => 6(0) 34(30) 46(0) 
39 => 30(17) 
40 => 9(0) 12(3) 
41 => 3(0) 31(21) 
42 => 0(0) 28(0) 29(0) 20(15) 45(0) 
43 => 5(0) 22(15) 
44 => 17(0) 6(12) 
45 => 42(32) 
46 => 32(0) 38(38) 
47 => 21(0) 5(10) 
48 => 19(0) 22(0) 11(4) 
49 => 27(0) 28(28) 

